venv
*.min.*
.idea
__pycache__
*.db



1767337200
1767337200
1767337200
1767337200
1767337200
1767337200
1767337200
1767337200
1767337200
1767337200
1767423600
1767337200
1767337200
1767337200
1767337200
1767337200
1767337200
1767337200
1767337200
1767337200
1767337200
1767337200
1767337200
1767423600
1767250800
1767337200
1767250800
1767250800
1767337200
1767337200
1767337200
1767423600
1767423600
1767337200
1767337200
1767337200
1767337200
1767250800
1767337200
1767337200
1767337200
1767337200
1767337200
1767337200
1767337200
1767337200
1767337200
1767337200
1767337200
